Run_ID	Probability	Seeds	AverageRetweets
1	0.004	[0]	[1.0, 199.45, 31.62, 1.13, 0.01, 0.0, 0.0, 0.0, 0.0, 0.0, 0.0, 0.0, 0.0, 0.0]
2	0.005	[0]	[1.0, 249.42, 49.12, 2.2, 0.04, 0.0, 0.0, 0.0, 0.0, 0.0, 0.0, 0.0, 0.0, 0.0]
3	0.006	[0]	[1.0, 300.65, 71.54, 3.94, 0.1, 0.0, 0.0, 0.0, 0.0, 0.0, 0.0, 0.0, 0.0, 0.0]
4	0.007	[0]	[1.0, 350.13, 96.99, 6.18, 0.13, 0.0, 0.0, 0.0, 0.0, 0.0, 0.0, 0.0, 0.0, 0.0]
5	0.008	[0]	[1.0, 400.15, 125.88, 9.08, 0.27, 0.0, 0.0, 0.0, 0.0, 0.0, 0.0, 0.0, 0.0, 0.0]
1	0.0001	[0]	[1.0, 4.99, 0.02, 0.0, 0.0, 0.0, 0.0, 0.0, 0.0, 0.0, 0.0, 0.0, 0.0, 0.0]
2	0.001	[0]	[1.0, 49.86, 1.88, 0.01, 0.0, 0.0, 0.0, 0.0, 0.0, 0.0, 0.0, 0.0, 0.0, 0.0]
3	0.01	[0]	[1.0, 499.03, 195.94, 17.95, 0.66, 0.02, 0.0, 0.0, 0.0, 0.0, 0.0, 0.0, 0.0, 0.0]
4	0.1	[0]	[1.0, 4999.32, 19628.56, 17508.0, 5880.7, 1591.9, 390.49, 90.85, 20.47, 4.54, 1.02, 0.2, 0.05, 0.01]
